$ 1 0.000005 28.90693621245522 55 5 50 5e-11
M 80 304 112 304 0 2.5
R 80 176 32 176 0 2 20 5 0 0 0.5
174 192 208 240 224 1 1000 0.47030000000000005 Resistance
w 224 224 224 240 0
w 208 240 224 240 0
c 256 208 256 272 0 0.00001 -4.835266175234234 0.001
g 256 272 256 288 0 0
M 256 208 288 208 0 2.5
c 384 240 432 240 0 0.00001 -4.881360436720805 0.001
M 432 240 464 240 0 2.5
174 432 240 416 320 1 1000 0.49010000000000004 Resistance
w 416 288 384 288 0
g 384 288 384 320 0 0
w 384 176 384 240 0
w 80 176 384 176 0
w 208 240 80 240 0
w 80 176 80 240 0
w 80 240 80 304 0
o 0 64 0 4098 10 0.1 0 1
o 7 64 0 4098 5 0.1 1 1
o 9 64 0 4098 10 0.1 2 1
